0,3.35123993083e-15
1,1.99413042769e-15
2,-2.33262659351e-15
3,-1.03939834836e-15
4,1.00006940351e-15
5,6.30160754894e-15
6,6.49918429586e-15
7,4.439926897e-15
8,-7.51204261924e-15
9,-2.4769483477e-16
10,2.85610362668e-15
11,-1.26711652834e-15
12,-8.35961018585e-16
13,2.38623147178e-15
14,8.4773165087e-15
15,-4.24464250365e-15
16,1.2399871272e-14
17,6.31270736619e-15
18,-9.50482176483e-16
19,-6.2086224495e-15
20,-4.17365796588e-15
21,1.22613769219e-15
22,-1.46675639347e-14
23,-5.7857435426e-15
24,-4.70639490093e-15
25,-5.58475239538e-15
26,3.90641176824e-15
27,-9.57829772897e-16
28,2.51996013952e-15
29,3.85087648697e-15
30,-3.40462763876e-16
31,2.50136794564e-15
32,-1.5406184382e-15
33,4.28554291718e-15
34,3.86863619456e-15
35,-1.43500126414e-15
36,2.3695696809e-17
37,1.56783410423e-15
38,7.21258885407e-16
39,3.47436344709e-16
40,-4.08533599618e-16
41,2.46110697809e-15
42,-5.40693814916e-16
43,-4.45249864653e-15
44,3.60246981609e-15
45,-9.28113631736e-16
46,1.44041845755e-15
47,3.10416644453e-15
48,4.6409663043e-15
49,1.87500043263e-15
50,-1.37155133057e-15
51,-4.6429630649e-15
52,7.55248456206e-15
53,1.65320316059e-15
54,4.63658670249e-17
55,6.06737727509e-16
56,1.01273767319e-16