0,-0.342433706736
1,-0.165071912156
2,-0.556760578224
3,-0.0468995838224
4,-0.464314403288
5,-0.350266176371
6,-0.291793886225
7,-0.262561558492
8,-0.323302358617
9,-0.371364385641
10,-0.296859526625
11,-0.512650105733
12,-0.312055206024
13,-0.174927166677
14,-0.190114405181
15,-0.301377603334
16,-0.321135414066
17,-0.347875918855
18,-0.198333792181
19,-0.167893112852
20,-0.491189376363
21,-0.11817150893
22,-0.29020920286
23,-0.212994388352
24,-0.328814669171
25,-0.299239933983
26,-0.227894811887
27,-0.231830156046
28,-0.166731449937
29,-0.225239518127
30,-0.160539306936
31,-0.143212020836
32,-0.174920257235
33,-0.14521514787
34,-0.198067389746
35,-0.242130222444
36,-0.323455613171
37,-0.0598362369379
38,-0.180911344066
39,-0.185303849224
40,-0.120904684382
41,-0.172599961907
42,-0.205993113737
43,-0.12734332045
44,-0.297776208725
45,-0.197387480523
46,-0.0713879045476
47,-0.111546230541
48,-0.158453361557
49,-0.27385612294
50,-0.155197675042
51,-0.329912294542
52,-0.30835494129
53,-0.103048404918
54,-0.0918967113447
55,-0.190756729561
56,-0.310563894681