0,0.305324376395
1,1.2904349339
2,0.50408809464
3,1.39499974833
4,0.672439681987
5,0.273794324374
6,0.391398813713
7,0.401027864857
8,0.278585584846
9,0.644685328767
10,0.201522760597
11,0.861604823672
12,0.301003087636
13,0.33514740267
14,0.258815320751
15,0.825701955794
16,0.444007069967
17,0.53106470072
18,1.7752877092
19,0.509711488541
20,1.2006793101
21,1.02564411443
22,0.350248350154
23,0.442587422054
24,1.67116770349
25,0.886858945347
26,3.36692585214
27,0.538517512689
28,0.593262118213
29,0.456631921721
30,0.40334866104
31,0.32852317459
32,0.55584678886
33,0.329409527226
34,0.532202030434
35,0.402579382822
36,0.423405347638
37,0.220626807686
38,0.434624812583
39,0.349877954877
40,0.361165445671
41,0.766736102237
42,0.223787452721
43,0.621907978483
44,1.0115772792
45,0.911020044627
46,0.0762659813072
47,0.285703593246
48,0.243444867967
49,0.270325992251
50,0.109382275251
51,0.815582985581
52,0.245855289396
53,0.429295427911
54,31.7260004493
55,194.870129142
56,606.281954094